3223.40
3267.70
3235.50
3359.10
3396.90
3318.80
3393.80
3257.40
3271.70
3226.30
3305.20
3301.10
3310.00
3370.80
3435.10
3439.40
3527.40
3516.10
3539.50
3651.30
3555.10
3680.60
3685.10
3754.10
3978.40
3832.00
3634.50
3681.70
3758.40
3625.00
3764.50
3913.10
3843.20
3907.78
3739.20
3834.40
3843.90
4011.10
4157.70
4321.30
4465.10
4556.10
4708.50
4610.20
4789.80
4753.70
5075.60
5115.70
5394.90
5488.20
5588.60
5567.60
5643.90
5654.60
5528.90
5611.80
5878.40
6027.10
6520.60
6447.50
6810.80
6874.30
6583.50
7008.99
7331.00
7678.00
8222.80
7631.70
7948.50
7445.80
7825.12
7910.20
7909.99
8544.47
8801.56
9066.61
8900.95
8958.99
8883.29
7545.76
7841.33
8595.70
9116.55
9184.01
9359.60
9307.39
9786.44
10789.04
10561.01
10966.05
10654.83
10828.44
10335.69
10730.78
10876.47
11501.85
10937.74
10128.11
10863.28
10749.42
10532.27
10450.36
10523.81
11219.54
10659.06
10966.21
10416.76
10790.92
10884.82
10493.25
9877.16
10734.05
10913.57
10504.95
10527.38
9946.98
8845.97
9087.45
9848.93
10021.71
9923.04
10111.04
10402.07
9944.90
9923.94
9239.25
8732.58
8659.27
7593.04
8395.64
8902.95
8342.38
8053.74
7890.24
7992.83
8478.48
8851.45
8983.66
9232.68
9416.67
9276.80
9802.46
9785.35
10452.74
10487.78
10582.25
10357.52
10227.27
10187.18
10434.00
10138.45
10170.12
10082.04
10028.73
10425.80
10783.75
10489.72
10769.04
10504.57
10192.00
10462.86
10273.59
10641.78
10481.44
10569.50
10440.07
10806.03
10718.30
10862.14
10993.25
11113.00
11367.78
11169.03
11149.34
11184.80
11382.75
11678.99
12080.25
12220.97
12459.54
12617.20
12268.63
12354.52
13062.75
13628.69
13409.60
13211.09
13358.39
13895.71
13924.16
13368.22
13261.82
12638.17
12264.36
12266.64
12818.34
12637.67
11344.64
11379.89
11545.63
10847.40
9326.04
8826.89
8772.25
8000.62
7056.48
7606.13
8167.41
8501.53
8447.53
9173.65
9492.32
9711.60
9712.13
10343.82
10430.69
10068.99
10326.10
10857.31
11009.60
10133.94
9773.27
10468.82
10016.01
10789.72
11120.30
11007.23
11577.43
11892.50
12226.49
12321.02
12810.16
12569.41
12414.34
12144.22
11613.30
10912.10
11951.53
12046.21
12221.19
12632.76
12952.29
13211.36
13214.16
12391.56
12879.71
13007.47
13092.15
13437.66
13099.19
13027.73
13104.30
13860.58
14054.49
14578.54
14839.80
15123.55
14911.60
15503.85
14801.55
15132.49
15558.01
16087.12
16572.17
15697.69
16321.71
16458.05
16580.26
16716.85
16828.53
16561.70
17097.42
17040.46
17390.90
17827.27
17823.07
17169.99
18134.05
17778.52
17859.27
18017.82
17638.12
17696.74
16528.03
16278.62
17672.62
17719.72
17405.48
16453.63
16545.67
17661.74
17783.78
17754.55
17924.24
18434.50
18396.57
18279.60
18158.24
19149.20
19872.86
19923.81
20957.29
20665.17
20962.73
21030.55
21392.30
21961.42
21981.77
22423.47
23442.90
24305.40
24809.35
26083.04
25024.04
24076.60
24117.29
24542.09
24161.53
25461.63
25916.07
26598.36
25142.08
25779.57
23058.61
25025.31
26019.67
26075.10
26639.06
24830.16
26805.86
26879.86
26198.26
26962.54
27142.95
28109.74
28638.97
28319.65
25590.51
21227.38
24120.78
25342.99
25879.38
26542.32
28439.61
27940.63
26691.28
29797.50
30627.47
30054.73
31065.90
33054.58
33904.89
34584.19
34507.32
34968.56
35387.55
33930.70
35833.65
34678.94
36321.59
35151.47
33813.48
34740.89
32978.49
33156.31
30737.77
32755.71
31454.58
28855.25
32862.79
34533.59
33148.90
34039.60
32656.37
33245.78
34116.81
32929.85
34369.78
35585.99
34876.24
33455.50
33081.87
35914.45
37566.22
38175.34
38989.51
39807.93
37845.56
38709.99
39186.20
40916.96
41489.67
42262.97
41869.82
44925.86
42660.09
44268.15